6 
-1 
12 
-3 
17 
4 9 21 25 32 
-1 4 20 27 
-13 -1 3 10 
-18 -2 5 
-2 4 
5 
-2 
-4 
-6 
-6 -1 
4 8 10 13 
2 6 8 11 
-2 1 3 6 
-6 -2 2 
0
0
-39 
0
-1 20 
10 
0
0
1 
0
-5 1 
2 
2 
0
0
1 
-2 4 
-6 -5 -1 
-3 
5 
-2 3 
4 
-2 
-6 
-7 
-14 
0
0
-3 
0
-5 
-3 
8 
2 26 
-11 
-3 
-8 
-19 
7 
1 
-2 
0
5 
3 
0
-1 12 
-3 
0
0
-1 
0
0
0
0
-1 2 
6 7 15 
0
0
-2 
7 8 
0
-19 
-5 
-14 3 
-2 15 
-9 7 
-8 -6 -5 
3 
-2 8 
-16 -6 
-13 -3 
-1 
-8 -5 -2 5 
0
0
-2 
0
-3 
4 
2 
7 12 
1 
-1 
-4 5 
-12 -2 
-2 8 
-6 
3 
-2 3 
-6 -1 14 
-13 
-20 -15 
13 
-19 
-11 
0
7 
0
-1 5 
5 
0
0
5 11 
2 
0
0
0
0
0
0
0
0
-5 1 
2 
-7 
-8 
0
-12 -4 
0
-2 
0
-1 
-9 
2 5 
3 
0
0
-9 
-1 
0
0
-1 11 
1 6 
-1 3 
0
0
3 
4 
-12 
5 
3 
7 
-7 
2 24 
4 22 
2 20 
-17 
-27 
-32 -5 
0
0
0
6 8 
3 5 
-3 -1 
0
-10 -2 6 
-12 -4 4 
-6 15 
-21 
0
7 
0
0
2 
-5 
-33 3 
3 8 
-3 2 
3 
2 
-6 
7 
13 
-12 8 
2 
20 
9 
2 
-1 
-3 
-5 
2 
-3 
-7 
0
2 
-6 
-5 
-7 
-9 
-12 
0
0
0
0
0
3 
-1 
-4 
0
4 
-7 
-4 1 
-2 
-1 1 
0
-1 4 
-2 
-4 
-7 
6 
-3 -1 
-5 -3 
3 
0
0
0
16 
11 
-2 1 
2 3 6 
7 
-2 
0
4 
-3 
0
8 
0
-3 
2 7 
-3 2 
-2 2 5 
-8 -4 -1 
0
3 
-11 
0
-2 
0
0
0
0
-1 4 
-6 -1 
-2 
-7 
0
-5 
3 
-3 
0
0
7 8 
3 
2 
0
0
-8 -4 -1 
-2 2 5 
-3 5 
-11 -2 
2 7 13 
-11 -4 8 
-4 
-3 6 
-21 1 
0
0
0
-2 17 
-22 -10 -3 
0
-33 -5 
-27 1 
4 
-4 
0
0
11 
5 
-2 
-3 10 
-1 
-8 
1 
27 
4 10 
0
-2 7 
-5 
-4 
5 11 
-5 10 
5 
-40 -25 
-12 
29 
-29 -7 -1 5 8 
12 
3 
-1 
-2 14 
-7 
-4 
-6 
-9 
-4 
-1 
0
0
-4 4 
-14 
0
5 
-3 
3 
-2 
0
-3 
0
-11 -8 
0
7 
1 
0
8 
10 
0
5 10 
-8 -3 1 
2 
0
0
3 
0
0
0
0
0
-3 -1 1 
-1 2 7 
-4 -1 4 
1 
-6 
1 
-2 
0
-2 
-5 
5 7 
-7 
-6 3 35 
-11 -2 29 
-38 3 
-2 6 38 
-11 
-2 1 5 
0
-2 1 6 
-2 
-4 
2 
-6 -3 
0
-5 
-2 
-7 
3 
0
5 
5 6 
3 4 
-4 2 3 
-9 -3 -2 
-6 1 
10 
0
-1 10 11 
1 2 
-5 -3 2 
1 3 8 10 
-2 
-2 9 
0
-2 2 
-9 -5 
2 
1 
-9 -6 
4 
-1 
-1 
0
0
-5 -4 -1 
-8 -7 -4 
-2 
-5 6 
-2 
0
0
-2 
0
-13 
0
0
0
0
0
0
0
0
-9 -1 
16 
3 
-8 -5 
0
0
0
0
9 
4 
-2 
0
-9 -2 3 
-15 -8 -2 
-6 
-23 
-3 
0
15 18 
2 
0
3 
2 8 
-4 2 
-10 
0
0
-23 
-18 
-6 
-5 -4 3 
0
0
0
0
0
-6 -2 
8 
-2 
3 
10 
0
1 
-3 
-4 -1 
0
-2 
1 
5 
-9 3 
0
0
4 10 13 
-9 
-3 2 
-5 
-4 
-6 
0
-2 
-8 
-2 
10 
7 
-2 
0
-18 
-4 
-2 
-7 -4 
2 3 
0
3 
1 4 
-2 1 
2 
0
0
-8 
0
-1 10 11 
1 2 
-3 
0
0
-4 -3 
-21 -11 -5 -1 2 6 
-16 -3 
2 7 16 18 
-17 -12 -3 -1 
0
-12 -1 
-3 
2 
-6 
0
0
0
0
0
0
0
0
0
0
0
0
0
2 
-1 
-2 
-8 
-30 
-7 
0
0
-9 -1 
2 3 
-11 -10 
-7 -6 
-2 
2 3 
-5 -4 
-25 -19 -11 -9 
12 
0
0
-8 -7 
0
0
5 
2 
0
0
0
-7 -5 -1 5 
-3 
4 
0
-2 3 
-5 
-13 
-4 
-7 
0
-7 
0
-5 
0
-3 
2 
2 
0
13 
-3 -1 
-2 2 
-6 -2 
2 
0
0
-3 
0
0
4 17 
17 
11 
0
0
-7 
-9 
5 
-6 3 
-15 -5 
0
3 
9 11 14 
-9 
-12 
0
-1 
-40 -17 
1 
-3 
-1 4 
-5 
-1 
0
0
0
2 7 
-2 2 
-2 -1 
11 
2 9 11 
-3 4 6 
6 
-8 3 16 
3 16 
-3 
-11 2 
-15 -2 
-1 
0
-2 
-1 16 
3 
0
2 
6 
-1 2 
5 8 
0
1 3 
2 
2 
-7 
-1 
3 
0
1 3 
1 10 
0
2 
-5 2 4 9 
-2 5 7 12 
1 3 
0
-5 -1 
-3 3 
0
-2 
24 
0
1 
-5 
0
1 
-1 
0
-6 -1 
-2 1 13 
-5 -2 10 
-3 2 
-1 
0
1 
-6 
4 9 
-1 2 3 8 
-8 -3 
-13 -8 
0
2 4 
5 
1 
-2 24 
-6 18 
-20 5 
-11 
-58 
4 
0
0
0
0
0
-3 
-6 -3 19 
-13 -10 13 15 
-12 
-14 
-16 
5 
2 5 28 30 
-9 1 10 30 
11 
0
0
4 8 
0
-1 
8 10 
6 
4 
0
-3 
2 
3 
-5 
0
-6 
-14 
0
0
0
0
0
0
0
-23 -11 -10 8 
0
5 7 11 
3 5 9 
-1 
7 10 
3 6 
-4 
-6 
-13 -12 
-15 
-19 -18 
-26 
2 
0
0
-4 
2 10 
-9 -1 
0
0
-4 
2 
6 
-3 3 
13 
0
0
0
0
0
0
3 
2 4 6 
-4 -1 
10 
-3 
-3 
0
0
0
-3 
0
2 
-3 
15 22 
13 20 
10 
2 
-1 
0
1 8 9 
-3 4 5 
2 4 10 12 
-5 -3 2 4 
-1 5 
-5 
2 3 
-3 
-9 
0
-2 6 24 
-5 3 21 
8 16 34 
6 
-8 
-1 2 
0
-1 
0
2 
-3 -2 4 
0
-4 
1 
1 4 
-2 1 
0
0
0
0
-6 
-1 
-3 1 5 
3 4 
-10 -8 
-5 -2 
-11 -2 4 5 
2 9 
-8 -1 
-1 
-5 
-7 
0
0
0
-1 
-8 -1 6 
0
0
-1 
5 
2 
0
0
3 
-3 
0
9 
-30 -4 1 
-6 -1 
-3 
0
-3 4 
1 10 
2 13 
3 8 
4 
2 25 
3 10 
0
0
4 9 12 14 
1 
0
-2 
-4 
0
0
-3 
0
2 
-2 
2 8 
0
2 
2 
-8 
2 
4 
-3 
0
0
-1 
-4 
-13 
-1 
0
0
0
-4 1 
-15 
-1 
-3 
6 
-3 
0
2 
-8 -7 -1 
3 
0
-1 
5 
2 
-10 
-1 7 
-4 3 
-8 
-11 -3 
5 
-6 
-3 
-4 
2 
-2 
6 
-13 -5 3 
9 10 12 
8 
-7 -1 
-1 3 
-5 -1 
-1 4 
-4 -2 
-8 
0
0
5 
-1 
0
0
-5 
-11 
0
-2 
-5 -3 
-8 -6 
2 
-4 8 13 
-12 1 6 
-22 -9 -4 
0
-1 
-4 
-1 
-1 
0
-1 
-6 -4 
2 12 
-5 4 
0
0
0
0
0
4 8 
-2 
-7 -1 
-11 -5 
-15 -9 
0
6 29 
-15 8 
6 
-5 -1 
0
-8 
-9 5 
4 
0
-31 -24 -17 -7 
-33 -26 -19 
-2 12 22 
-1 
-8 
19 
2 
3 8 11 
7 12 15 
0
1 3 
-1 
4 
2 9 
5 
0
0
-9 -2 
-2 
8 
-1 
5 
3 
0
9 
8 
-1 
-7 
-5 9 
17 
8 
-2 
0
-7 -1 
0
3 
3 
-1 
-1 3 
-11 -1 
-27 -17 
-30 -20 
2 4 7 
-3 -1 2 
-11 -9 -6 
-27 -22 
4 6 9 15 18 
2 
-2 
-4 1 
2 
-3 
-6 8 
0
0
-14 
0
0
0
-2 
0
0
0
-3 
-1 
-4 
-1 
2 5 
-15 
1 
6 7 9 
0
-3 1 
0
20 
11 
0
4 8 
0
0
-8 4 
-7 
-12 
-2 -1 
-10 2 
3 
0
-5 
-8 
-3 3 
0
0
3 18 
0
5 
-6 
-2 
-4 
2 4 10 15 
-5 -3 3 8 
0
0
17 
0
0
0
-4 3 
-6 5 12 
-20 -9 -2 
0
0
0
1 
0
-1 
4 
0
0
0
0
0
-2 
16 
-4 
-3 -1 
2 
1 
2 7 
3 
0
0
0
-26 -21 -20 -9 -4 2 
8 
-6 
0
0
0
0
2 7 
-2 
-5 
0
0
-12 
0
-1 
-1 
1 
6 
0
-5 
-7 
-9 
0
0
-2 
-4 
-7 
0
-1 
6 16 
3 
-1 
0
-3 
1 
-13 
-28 
2 
2 4 
4 
12 
9 
4 
1 
-5 
-7 
8 
0
0
-6 1 
2 
-8 
-1 
-4 
2 
0
2 
-6 -3 
-3 
11 
6 
2 
3 5 7 
-4 5 10 
-19 -10 -5 
-25 -16 -11 
0
0
0
2 
-3 
-5 
-8 -4 -3 -2 2 
-13 -9 -8 -7 -2 
12 19 
16 23 
6 13 
0
-2 
0
-5 -3 
2 3 
3 
3 
0
0
4 
0
0
0
0
0
0
-1 
0
2 
-3 
0
0
0
2 7 
-3 2 
20 
3 
6 7 
13 
-8 -1 38 
-10 -3 36 
13 
2 5 
0
-8 
2 7 
5 
-3 2 
0
0
-13 
4 
0
0
4 
4 
0
2 
8 
6 
12 
-1 7 10 26 31 
-17 -9 -6 10 
-6 2 5 21 26 
0
-18 -7 -2 5 
-5 1 
-1 
-6 
0
7 
5 
-15 
-2 
-1 
-2 2 
0
0
3 6 
0
-6 2 
-2 6 
0
0
-1 
-2 
0
0
0
-4 -1 
0
-7 -2 2 15 
0
4 
0
-1 
0
-11 
-6 
2 
-1 8 17 22 
-4 5 14 
-9 8 
-20 -11 -2 2 
-24 -6 -1 
-29 -11 -6 
-3 
6 9 11 
7 13 
8 
-3 3 
-1 1 4 
0
0
0
2 4 9 
-4 -2 2 
21 
0
0
-1 
-4 
-7 
0
1 
1 
-10 
0
0
-1 3 14 
-6 -1 9 
-16 -11 
-13 -8 2 
-7 
2 
-1 2 5 7 
-4 -1 2 4 
-6 -3 2 
3 9 
-3 3 
0
-9 
-2 
-11 
5 
-8 
-4 3 
0
0
22 38 
-1 15 
-17 -1 
0
6 
0
3 
-5 
-8 -5 -1 
-5 
-1 
0
-3 
0
3 
-2 
-5 -1 8 
-4 5 
-14 -10 -1 
23 26 32 
21 24 30 34 
-1 2 8 12 
-4 -1 3 7 
-10 -7 -1 2 
18 21 27 31 
6 
0
0
0
0
0
0
0
1 2 
-8 6 
3 
-1 3 
-3 1 
-4 -2 
-10 
0
0
-1 
0
-8 
-2 
0
-7 
-13 -3 
0
3 
-2 
5 
-2 
-1 
11 
0
-2 
-5 -1 
0
2 
3 
5 
0
0
7 
1 2 
-3 5 
0
-4 -1 
-7 1 
4 
1 
0
0
-3 
-5 -3 4 
-9 -7 1 3 
0
0
5 
3 
-1 
-4 -2 
-2 
10 
-21 -1 4 
-4 1 
-4 
1 
0
-5 
11 
7 
-2 
0
-11 
-6 1 
4 
-4 -1 
0
-6 
0
-2 
-4 
12 
1 
-11 -9 7 
-2 
14 
0
-2 
0
0
-5 -1 2 
-8 -4 -1 
-2 2 5 
0
0
12 
-10 
1 3 
-11 
-7 
-7 -1 
-11 -5 
12 
9 
6 
-16 
-21 
-6 
0
1 14 
0
0
0
-1 5 
6 
-2 
33 
-12 
-15 3 18 
-17 1 16 
-7 1 
0
0
0
0
0
0
9 13 
5 9 
4 
-3 1 
2 
-6 
-18 
-25 
0
0
3 
-13 -5 2 
10 
7 8 
0
3 
-1 
-2 
10 
2 
0
0
0
16 
-4 9 
-10 -4 3 
0
-2 
6 15 
3 12 
-5 2 
0 8 24 27 
-9 0 14 17 
-2 
-3 
4 
0
6 
-8 
6 
0
0
0
4 
2 
17 
4 
-9 
0
0
0
-15 -13 4 
-1 
-3 3 
0
-15 
-2 
-9 
-9 
-5 -3 
-6 -1 
-5 -1 
-3 -1 5 
-6 -4 2 
-9 -7 -1 
0
-9 4 
-22 -8 -1 
0
3 13 
-4 6 
-9 1 
2 
0
0
-1 
9 
0
2 
0
2 
-4 
-3 
0
0
0
0
0
-5 -4 
0
7 25 
2 
-3 
0
-1 
0
-3 
-3 -2 
1 
-2 6 8 
39 
-1 
-1 6 
3 
2 
0
-2 
-6 
4 
0
0
2 6 
-42 
-2 
-5 
2 
-1 6 
5 13 
0
0
6 
-9 
0
0
8 14 
0
4 
0
-2 
-3 
0
0
0
0
3 
-2 
5 14 
3 
-2 
0
0
0
-7 7 
5 11 
3 
0
0
0
0
0
-3 
0
0
0
-6 5 
-4 
-6 -4 
-8 
-12 -10 
0
0
0
0
0
2 
0
0
0
0
15 
0
5 
1 
-3 
-8 -3 
7 
0
11 
5 
0
-20 4 
-22 2 
0
2 4 
6 
0
0
0
-6 -1 
-2 
-9 -5 -1 
-6 -2 2 
0
0
2 
-3 
-2 5 
-9 -2 
-3 11 
6 
4 
-5 2 5 13 
-1 2 
-4 -1 
-6 -3 
1 
5 
5 21 
-9 
-5 -1 4 
-10 -6 -1 
-10 -1 
-1 
2 
2 
-8 
-3 
-6 
-2 
6 
-1 2 
8 
0
-4 6 
0
0
0
-4 
0
-3 3 
2 9 
-5 2 
2 
-11 
-6 -2 
2 
0
-9 
-16 
-4 3 
1 15 
0
-2 2 3 
9 
4 
1 
2 
0
-6 
-15 
-4 -1 
2 
-7 
0
2 4 7 
-1 5 
-1 
0
4 
-1 
3 
-1 5 
-10 -4 
10 
0
-5 
0
-1 
0
0
2 
-1 
0
0
0
0
-4 -1 
2 4 
-9 -7 -4 
-3 7 
-13 -3 16 
0
0
-3 
0
0
1 11 
-5 5 
6 
-11 
8 11 
1 
-2 
4 
2 
8 
-4 
-10 -1 
-1 
3 
2 
0
6 8 
4 6 
0
-1 
18 
0
0
-14 -3 
0
-1 
2 
2 5 
0
0
0
1 
2 13 
-1 1 
-9 -5 -1 19 23 
1 5 29 33 
-2 
0
0
0
-6 
-11 
0
0
0
0
-5 3 
-12 -3 
-8 2 
-10 
-2 6 8 
0
0
0
0
0
0
0
6 
0
-4 14 
-14 -2 -1 8 15 
0
6 
0
0
0
0
4 
-3 
-4 
-2 2 
-8 
-12 3 
6 
0
3 
-7 
0
2 4 
0
0
0
0
-4 
0
0
3 
0
-7 -6 
-4 -3 
3 9 
-7 -1 
2 6 
-3 1 3 
0
-3 
3 8 
-3 
-16 -1 
-1 4 6 
1 3 
-3 -1 7 
-9 -7 3 
0
0
-2 -1 
8 
-16 3 
8 
-2 
-4 
-3 
-7 
-9 
0
0
0
2 
0
-4 
3 
11 
6 8 
2 
3 
-8 
-11 -3 
-13 -5 
-2 
0
0
0
2 8 17 
-9 6 
-12 3 
0
-2 -1 3 
-6 -5 -1 
-1 
0
0
0
-10 
-2 
-4 
10 
-3 
-7 5 
5 
-1 24 
0
2 
0
-7 3 
3 
0
0
0
-4 
-4 -1 3 10 
-1 2 6 13 16 
3 
2 
-1 
17 
-4 
-8 
-3 3 
-5 1 
-4 
0
-2 9 
-16 -2 
9 
-2 2 4 6 
2 
-3 
0
-13 
4 17 20 
-12 3 
0
0
0
-3 
-7 
0
-3 7 
0
0
3 
3 
-5 4 9 
0
0
0
1 3 6 
-2 2 
0
-3 3 
-13 -6 -1 
-4 -3 1 
-14 -3 
-5 
-2 2 13 
-2 9 
3 
-2 
-6 
0
-2 
-4 
-7 
0
4 
1 
-8 
2 
-2 6 
-4 3 
-10 -2 
6 
-3 
0
0
0
0
0
0
0
4 
0
-6 2 
-2 3 
-16 
7 
0
-2 
-1 5 
5 
4 
12 
8 
4 
0
0
0
0
0
-1 
-3 
-5 
0
0
0
5 17 
-23 -20 -11 -9 
-10 
0
0
-5 -3 1 
-8 -5 
0
-8 -4 
-11 -1 2 
-4 
8 
-5 
7 29 
0
-16 4 
0
-17 
-3 -1 
2 4 6 7 
-2 2 3 
3 
10 
4 
-10 
-1 2 
-11 
2 3 
-10 -3 -1 4 6 
-8 -6 -1 1 6 
-11 -9 -4 -2 2 
-8 -6 -1 
0
-8 
2 
8 12 16 
-5 
-9 
-20 
0
0
0
0
-3 3 
-1 3 5 8 
-7 -3 -1 2 
-4 
0
0
0
-14 -8 
-11 -5 
-2 4 
2 
0
-4 
11 
7 15 
-4 
0
0
2 10 
-3 4 
5 9 
0
0
4 
5 
-9 -2 4 
-3 
-5 
-8 
0
-8 
0
2 7 
-7 
0
-3 
-14 
-7 
-5 1 
2 
0
0
7 10 
4 
2 
4 11 
0
-7 -2 
0
-6 5 
-2 
0
0
-2 4 
17 
15 
13 
11 
8 35 
-8 1 19 
-25 2 
-32 -5 
-66 -39 
6 
-4 
-4 
5 
-2 
0
-1 
-1 6 
3 
0
-2 
-5 
-8 
-12 
5 7 
-2 
-2 
3 11 19 
-5 3 11 
-13 -5 3 
2 
-3 
4 12 
-2 
0
0
-12 
-6 -1 
-27 
5 38 
2 
-13 
-29 3 4 
-8 
-2 3 
3 9 
-1 1 7 
-3 -1 5 
-9 -7 -1 
20 23 34 47 
14 17 28 41 
10 13 24 37 
-1 9 
-4 2 5 29 
-4 
-3 7 10 34 
-5 -2 
-10 -7 4 17 
0
3 14 
-14 -3 
0
-19 3 36 
-60 -5 
-11 
0
0
-2 6 11 15 
-6 2 7 11 
-10 -2 2 6 
-15 -7 -2 4 
-17 -9 -4 2 
1 
2 
-8 -6 -2 -1 
3 
0
-4 
-2 
0
-3 -1 
-14 -7 
-7 -2 
0
0
-7 
0
0
-3 -1 13 
-9 -7 -6 4 
0
-1 
-2 
-4 
4 
-2 17 
-9 12 
-11 
7 
-20 -1 
-4 
-3 
0
-7 
-3 
2 8 9 
27 30 
-17 -8 -4 -2 
-6 
5 
-7 -1 
1 
-1 13 
-2 
4 
-23 -10 -1 
-2 17 
-7 2 
0
-17 2 
0
5 27 
-12 
-5 
-13 
-2 
12 
0
0
0
0
-2 
-3 
-3 3 
-3 
0
0
2 
-9 
-4 
-1 
0
-6 4 14 
0
0
3 
19 
8 
3 
-2 
-7 -1 
0
0
0
4 
-4 -1 
-2 1 4 
0
6 
2 
0
0
4 
-1 
8 
-10 4 7 
-2 
-4 9 
0
0
4 
0
-16 
3 8 
3 
-1 
11 
-3 
-2 4 
-8 -2 
0
0
-6 3 10 
-9 7 
2 
0
0
0
10 
0
-2 
0
-5 
-1 2 
-4 -1 
-10 
0
1 
0
6 
0
0
0
0
3 5 
-3 -1 
0
0
0
-12 
-10 -2 
0
12 
25 
0
0
0
0
4 
3 
0
0
0
0
0
0
0
-5 
